10010000000000000000000000000110
10010000000000000000000000101000
00000000000000000000000000011011
00011100000000000000000010111011
00011101000001111011000010111011
00011100001011000000000001000100
00011101000000000000000101000100
00000011000000000000101101001011
00011100000000000000000000100010
00011100000000000000000000010001
00011101000001111011000000010001
11010000000000000000000100100000
00010011000000000000000100010001
00010011000000000000000100100010
01100000000000000010000110110000
10010000000000000000000000010110
00010011000000000000000100100010
10010000000000000000000000010010
11111111111111111111111111111111
11111111111111111111111111111111
01000000000000000000000000000000
00000000000000000000000000000000
00000000000000000000000000000000
00000000000000000000000000000000
00000000000000000000000000000000
00000000000000000000000000000000
00000000000000000000000000000000
