00011100000000000000000000010001
00011100000000000000000000100010
00011100000000000000000000110011
00011100000000000000000001000100
00011100000000000000000001010101
00011100000000000000000001100110
00011100000000000000000001110111
00011100000000000000000010001000
00011100000000000000000010011001
00011100000000000000000010101010
00011100000000000000000010111011
00011100000000000000000011001100
00011100000000000000000011011101
00011100000000000000000011101110
00011100000000000000000011111111
00000000000000000000000000000000
00000000000000000000000000000000
01110000000000000000000000000000 // Clear cache
00000000000000000000000000000000
00000000000000000000000000000000
00011100000000000101011100010001 // Program length, hardcoded but could be read from the third byte of the program
00011100000000000011010100100010
00011101000001111000000000100010
00011100000000000000000000110011 // Loop counter
00011100000000000000000001010101 // Dest address start
11100000000000000000001000000100 // Read word from UART_Bootloader_RAM_code
11010000000000000000010101000000 // Write word to RAM
00010011000000000000000100110011 // Increment counter
00010011000000000000000101010101 // Increment dest address
00010011000000000000000100100010 // Increment source address
01100000000000000010000100110000 // If done, exit loop
10011111000000000000000000110010
00000000000000000000000000000000
00000000000000000000000000000000
01110000000000000000000000000000
00000000000000000000000000000000
00000000000000000000000000000000
00011100000000000000000000010001
00011100000000000000000000100010
00011100000000000000000000110011
00011100000000000000000001000100
00011100000000000000000001010101
00011100000000000000000001100110
00011100000000000000000001110111
00011100000000000000000010001000
00011100000000000000000010011001
00011100000000000000000010101010
00011100000000000000000010111011
00011100000000000000000011001100
00011100000000000000000011011101
00011100000000000000000011101110
00011100000000000000000011111111
10010000000000000000000000000000 // Jump to start of RAM
11111111111111111111111111111111
10010000000000000000000010011000
00000000000000000000000001010110
11111111111111111111111111111111
00011100000000000000000000110011
00011101000001110000000000110011
11100000000000000001001100000001
00011100000000000000000000100010
01100000000000000010001011001000
00010101000000000001100000010001
00011100000000000000000100100010
01100000000000000010001011001000
00010101000000000001000000010001
00011100000000000000001000100010
01100000000000000010001011001000
00010101000000000000100000010001
00000011000000000000111100011111
00010011000000000000000111001100
00011100000000000000010000100010
01100000000000000010110000100000
01000000000000000000000000000000
00010110000000000001100011110001
11010000000000000000001100010000
00010110000000000001000011110001
11010000000000000000001100010000
00010110000000000000100011110001
11010000000000000000001100010000
00010110000000000000000011110001
11010000000000000000001100010000
00011100000000000000000110101010
00011100000000000000000011001100
01000000000000000000000000000000
00011100000000000000000000110011
00011101000001110000000000110011
11100000000000000001001100000001
00011100000000000000000000100010
01100000000000000010001011001000
00010101000000000001100000010001
00011100000000000000000100100010
01100000000000000010001011001000
00010101000000000001000000010001
00011100000000000000001000100010
01100000000000000010001011001000
00010101000000000000100000010001
00000011000000000000110100011101
00010011000000000000000111001100
00011100000000000000010000100010
01100000000000000010110000100000
01000000000000000000000000000000
11010000000000000000111011010000
00010011000000000000000111101110
00011100000000000000000011011101
00011100000000000000000011001100
01100000000000000010111011110000
01000000000000000000000000000000
00011100000000000110010000010001
11010000000000000000001100010000
00011100000000000000000000010001
00011100000000000000000000100010
00011100000000000000000000110011
00011100000000000000000001000100
00011100000000000000000001010101
00011100000000000000000001100110
00011100000000000000000001110111
00011100000000000000000010001000
00011100000000000000000010011001
00011100000000000000000010101010
00011100000000000000000010111011
00011100000000000000000011001100
00011100000000000000000011011101
00011100000000000000000011101110
00011100000000000000000011111111
00000000000000000000000000000000
01110000000000000000000000000000
00000000000000000000000000000000
01000000000000000000000000000000
11000000000000000000000000000001
00011100000000000000000100100010
01100000000000000010000100100000
01000000000000000000000000000000
01100000000000000010001010100000
10010000000000000000000000001000
10010000000000000000000001000000
00000000000000000000000000000000
00000000000000000000000000000000
00000000000000000000000000000000
