10010000000000000000000000011000
10010000000000000000000001101000
00000000000000000000000010101000
00011100000000000000000011101110 // initialize frame pointer
00011100111111111111110011011101 // initialize stack pointer (top of SDRAM)
00011101000000011101111111011101 // initialize stack pointer (top of SDRAM)
01010000000000000000000000001111 // set return address
00010011000000000000110011111111 // point r15 past the jump
10010000000000000000001101000001 // call C main()
00011100000000000000000000100010 // UART tx address
00011101000111000000000000100010 // UART tx address
11010000000000000000001000010000 // send return value over UART
11111111111111111111111111111111 // done
10110000000000000000000000010000
10110000000000000000000000100000
10110000000000000000000000110000
10110000000000000000000001000000
10110000000000000000000001010000
10110000000000000000000001100000
10110000000000000000000001110000
10110000000000000000000010000000
10110000000000000000000010010000
10110000000000000000000010100000
10110000000000000000000010110000
10110000000000000000000011000000
10110000000000000000000011010000
10110000000000000000000011100000
10110000000000000000000011110000
00011100111111111111110011011101 // interrupt stack
00011101000000011101111111011101 // interrupt stack
00011100000000000000000011101110 // clear frame pointer
01010000000000000000000000001111
00010011000000000000110011111111
10010000000000000000000010010001 // call C interrupt()
10100000000000000000000000001111
10100000000000000000000000001110
10100000000000000000000000001101
10100000000000000000000000001100
10100000000000000000000000001011
10100000000000000000000000001010
10100000000000000000000000001001
10100000000000000000000000001000
10100000000000000000000000000111
10100000000000000000000000000110
10100000000000000000000000000101
10100000000000000000000000000100
10100000000000000000000000000011
10100000000000000000000000000010
10100000000000000000000000000001
01000000000000000000000000000000
11111111111111111111111111111111 // should not get here
11010000000000000000110111100000
11010000000000000100110111110000
00000000000000000000000011011110
00010100000000000000100011011101
00000000000000000000000011101101
11100000000000000100111000001111
11100000000000000000111000001110
10000000000000000000000011110000
11010000000000000000110111100000
11010000000000000100110111110000
00000000000000000000000011011110
00010100000000000001110011011101
11011111111111101100111010000000
00000011000000000000010001010011
00000011000000000000011001110010
00000011000000000000010001100001
00000011000000000000010101111000
00000011000000000000001100101100
11011111111111111100111011000000
00000011000000000000000110001100
11011111111111111000111011000000
00000011000000000000001100011100
11011111111111110100111011000000
00000011000000000000001010001100
11011111111111110000111011000000
11101111111111111100111000001100
00011100000000101000000011001100
00011101000000000000000011001100
11010000000000000000110000110000
11101111111111111000111000000011
00011100000000101000010011001100
00011101000000000000000011001100
11010000000000000000110000100000
11101111111111110100111000000010
00011100000000101000100011001100
00011101000000000000000011001100
11010000000000000000110000010000
11101111111111110000111000000001
00011100000000101000110011001100
00011101000000000000000011001100
11010000000000000000110010000000
00011100000000101001000011001100
00011101000000000000000011001100
11010000000000000000110011000000
00011100000000101001010011001100
00011101000000000000000011001100
11010000000000000000110000110000
00011100000000101001100011001100
00011101000000000000000011001100
11010000000000000000110000100000
00011100000000101001110011001100
00011101000000000000000011001100
11010000000000000000110000010000
00000011000000000000010001010001
00000011000000000000000101100001
00000011000000000000000101110001
11101111111111101100111000001000
00000000000000000000000011101101
11100000000000000100111000001111
11100000000000000000111000001110
10000000000000000000000011110000
11010000000000000000110111100000
11010000000000000100110111110000
00000000000000000000000011011110
00010100000000000000100011011101
00011100000000000010100001110111
00011100000000000001111001100110
00011100000000000001010001010101
00011100000000000000101001000100
01010000000000000000000000001111
00010011000000000000110011111111
10011111111111111111111000001001
00011100000000101000000011001100
00011101000000000000000011001100
11100000000000000000110000000010
00011100000000101000010011001100
00011101000000000000000011001100
11100000000000000000110000000011
00000011000000000000001000110010
00011100000000101000100011001100
00011101000000000000000011001100
11100000000000000000110000000011
00000011000000000000001000110010
00011100000000101000110011001100
00011101000000000000000011001100
11100000000000000000110000000011
00000011000000000000001000110010
00011100000000101001000011001100
00011101000000000000000011001100
11100000000000000000110000000011
00000011000000000000001000110010
00011100000000101001010011001100
00011101000000000000000011001100
11100000000000000000110000000011
00000011000000000000001000110010
00011100000000101001100011001100
00011101000000000000000011001100
11100000000000000000110000000011
00000011000000000000001000110010
00011100000000101001110011001100
00011101000000000000000011001100
11100000000000000000110000000011
00000011000000000000001000110010
00000011000000000000000100100001
00010001000000001111111100010001
00000000000000000000000011101101
11100000000000000100111000001111
11100000000000000000111000001110
10000000000000000000000011110000
00000000000000000000000000000000
00000000000000000000000000000000
00000000000000000000000000000000
00000000000000000000000000000000
00000000000000000000000000000000
00000000000000000000000000000000
00000000000000000000000000000000
00000000000000000000000000000000
