10010000
00000000
00000000
00011000
10010000
00000000
00000000
10011000
00000000
00000000
00000000
00010100
00011100
00000000
00000000
10111011
00011101
00011110
11000000
10111011
00011100
00101100
00000000
01000100
00011101
00000000
00000001
01000100
00000011
00000000
00001011
01001011
00011100
00000000
00000000
00100010
00011100
00000000
00000000
00010001
00011101
00011110
11000000
00010001
11010000
00000000
00000001
00100000
00010011
00000000
00000001
00010001
00010011
00000000
00000001
00100010
01100000
00000000
00100001
10110000
10011111
11111111
11111111
11100001
00010011
00000000
00000001
00100010
10011111
11111111
11111111
11000001
11111111
11111111
11111111
11111111
01000000
00000000
00000000
00000000
