00000000
00000000
00000000
00010100
10010000
00000000
00000000
00000110
10010000
00000000
00000000
00100110
00000000
00000000
00000000
00010100
00011100
00000000
00000000
10111011
00011101
00000111
10110000
10111011
00011100
00101100
00000000
01000100
00011101
00000000
00000001
01000100
00000011
00000000
00001011
01001011
00011100
00000000
00000000
00100010
00011100
00000000
00000000
00010001
00011101
00000111
10110000
00010001
11010000
00000000
00000001
00100000
00010011
00000000
00000001
00010001
00010011
00000000
00000001
00100010
01100000
00000000
00100001
10110000
10010000
00000000
00000000
00010110
00010011
00000000
00000001
00100010
10010000
00000000
00000000
00010010
11111111
11111111
11111111
11111111
01000000
00000000
00000000
00000000
